3
../materials/cube.obj ../materials/bricks_smooth.jpg 1
0.0 -1.05 0.0
400.0 2.0 400.0
0.0 0.0 0.0 0.0
0 x z
../materials/cube.obj ../materials/metal_cartoon.jpg 8
200.0 0.0 0.0
1.0 8.0 400.0
0.0 0.0 0.0 0.0
1 z y
-200.0 0.0 0.0
1.0 8.0 400.0
0.0 0.0 0.0 0.0
1 z y
0.0 0.0 200.0
400.0 8.0 1.0
0.0 0.0 0.0 0.0
1 x y
0.0 0.0 -200.0
400.0 8.0 1.0
0.0 0.0 0.0 0.0
1 x y
-150.0 40.0 -150.0
30.0 80.0 30.0
0.0 0.0 0.0 0.0
1 x y
150.0 30.0 -140.0
40.0 60.0 40.0
0.0 0.0 0.0 0.0
1 x y
150.0 30.0 -80.0
40.0 60.0 40.0
0.0 0.0 0.0 0.0
1 x y
150.0 30.0 -20.0
40.0 60.0 40.0
0.0 0.0 0.0 0.0
1 x y
../materials/sphere.obj ../materials/metal_window.png 3
10.0 8.0 120.0
20.0 20.0 20.0
0.0 0.0 0.0 0.0
1 x y
40.0 8.0 140.0
20.0 20.0 20.0
0.0 0.0 0.0 0.0
1 x y
-30.0 8.0 120.0
20.0 20.0 20.0
0.0 0.0 0.0 0.0
1 x y
