2
materials/cube.obj 7
0.0 -1.1 0.0
400.0 0.2 400.0
0.0 0.0 0.0 0.0
0
200.0 0.0 0.0
1.0 8.0 400.0
0.0 0.0 0.0 0.0
1
-200.0 0.0 0.0
1.0 8.0 400.0
0.0 0.0 0.0 0.0
1
0.0 0.0 200.0
400.0 8.0 1.0
0.0 0.0 0.0 0.0
1
0.0 0.0 -200.0
400.0 8.0 1.0
0.0 0.0 0.0 0.0
1
100.0 8.0 100.0
20.0 20.0 20.0
0.0 0.0 0.0 0.0
1
-100.0 38.0 100.0
40.0 80.0 40.0
0.0 0.0 0.0 0.0
1
materials/Tree.obj 3
10.0 8.0 120.0
20.0 20.0 20.0
0.0 0.0 0.0 0.0
1
20.0 8.0 130.0
20.0 20.0 20.0
0.0 0.0 0.0 0.0
1
25.0 8.0 125.0
20.0 20.0 20.0
0.0 0.0 0.0 0.0
1
