20

-100.0 0.0 0.0 #position
0.0 1.0 0.0 #normal

-100.0 0.0 0.0 #position
0.0 1.0 0.0 #normal

-100.0 0.0 -50.0 #position
0.0 1.0 0.0 #normal

0.0 0.0 -150.0
0.0 1.0 0.0

100.0 0.0 0.0
0.0 1.0 0.0

100.0 0.0 100.0
0.0 1.0 0.0

100.0 5.0 200.0
0.2 1.0 0.0

200.0 10.0 300.0
0.0 1.0 -0.2

300.0 15.0 200.0
-0.2 1.0 0.0

100.0 20.0 100.0 #
0.0 1.0 0.2

-100.0 20.0 100.0
0.0 1.0 0.0

-200.0 20.0 0.0
0.0 1.0 0.0

-100.0 20.0 -100.0
0.0 1.0 0.0

0.0 20.0 0.0
0.0 1.0 0.0

0.0 10.0 100.0 #
-0.2 1.0 0.0

-50.0 5.0 150.0
0.0 1.0 -0.2

-100.0 0.0 100.0
0.0 1.0 0.0

-100.0 0.0 50.0
0.0 1.0 0.0

-100.0 0.0 -1.0 #position
0.0 1.0 0.0 #normal

-100.0 0.0 -1.0 #position
0.0 1.0 0.0 #normal
